Nov 01 2021     12:08:35 pm     Elt: 000000 Seconds.  Real Time: 000447
ID: No spectrum identifier defined
Memory Size: 2048 Chls  Conversion Gain: 2048  Adc Offset: 0000 Chls

 Chn    Counts  ROI
   0,        0, 000
   1,        0, 000
   2,        0, 000
   3,        0, 000
   4,        0, 000
   5,        0, 000
   6,        0, 000
   7,        0, 000
   8,        0, 000
   9,        0, 000
  10,        0, 000
  11,        0, 000
  12,        0, 000
  13,        0, 000
  14,        0, 000
  15,        0, 000
  16,        0, 000
  17,        0, 000
  18,        0, 000
  19,        0, 000
  20,        0, 000
  21,        0, 000
  22,        0, 000
  23,        0, 000
  24,        0, 000
  25,        0, 000
  26,        0, 000
  27,        4, 000
  28,      275, 000
  29,     1240, 000
  30,     1394, 000
  31,     1211, 000
  32,     1063, 000
  33,     1012, 000
  34,      940, 000
  35,      937, 000
  36,      862, 000
  37,      880, 000
  38,      868, 000
  39,      874, 000
  40,      871, 000
  41,      909, 000
  42,      825, 000
  43,      860, 000
  44,      844, 000
  45,      765, 000
  46,      859, 000
  47,      810, 000
  48,      796, 000
  49,      726, 000
  50,      809, 000
  51,      735, 000
  52,      735, 000
  53,      760, 000
  54,      744, 000
  55,      728, 000
  56,      732, 000
  57,      790, 000
  58,      724, 000
  59,      751, 000
  60,      734, 000
  61,      723, 000
  62,      706, 000
  63,      727, 000
  64,      686, 000
  65,      747, 000
  66,      749, 000
  67,      752, 000
  68,      742, 000
  69,      721, 000
  70,      767, 000
  71,      743, 000
  72,      731, 000
  73,      790, 000
  74,      738, 000
  75,      832, 000
  76,      760, 000
  77,      736, 000
  78,      751, 000
  79,      820, 000
  80,      795, 000
  81,      743, 000
  82,      790, 000
  83,      795, 000
  84,      785, 000
  85,      849, 000
  86,      871, 000
  87,      821, 000
  88,      784, 000
  89,      811, 000
  90,      875, 000
  91,      847, 000
  92,      767, 000
  93,      856, 000
  94,      833, 000
  95,      794, 000
  96,      862, 000
  97,      786, 000
  98,      896, 000
  99,      845, 000
 100,      813, 000
 101,      830, 000
 102,      851, 000
 103,      814, 000
 104,      900, 000
 105,      889, 000
 106,      865, 000
 107,      827, 000
 108,      856, 000
 109,      872, 000
 110,      929, 000
 111,      906, 000
 112,      829, 000
 113,      880, 000
 114,      921, 000
 115,      870, 000
 116,      885, 000
 117,      859, 000
 118,      923, 000
 119,      929, 000
 120,      884, 000
 121,      918, 000
 122,      887, 000
 123,      903, 000
 124,      878, 000
 125,      876, 000
 126,      924, 000
 127,      912, 000
 128,      916, 000
 129,      893, 000
 130,      943, 000
 131,      920, 000
 132,      857, 000
 133,      918, 000
 134,      881, 000
 135,      865, 000
 136,      829, 000
 137,      924, 000
 138,      924, 000
 139,      919, 000
 140,      937, 000
 141,      958, 000
 142,      949, 000
 143,      875, 000
 144,      926, 000
 145,      906, 000
 146,      861, 000
 147,      907, 000
 148,      905, 000
 149,      886, 000
 150,      922, 000
 151,      920, 000
 152,      855, 000
 153,      935, 000
 154,      928, 000
 155,      912, 000
 156,      899, 000
 157,      889, 000
 158,      901, 000
 159,      945, 000
 160,      928, 000
 161,      962, 000
 162,      939, 000
 163,      928, 000
 164,      821, 000
 165,      863, 000
 166,      903, 000
 167,      842, 000
 168,      879, 000
 169,      892, 000
 170,      878, 000
 171,      876, 000
 172,      928, 000
 173,      910, 000
 174,      896, 000
 175,      916, 000
 176,      915, 000
 177,      895, 000
 178,      868, 000
 179,      883, 000
 180,      838, 000
 181,      893, 000
 182,      901, 000
 183,      909, 000
 184,      896, 000
 185,      865, 000
 186,      877, 000
 187,      925, 000
 188,      877, 000
 189,      836, 000
 190,      902, 000
 191,      890, 000
 192,      892, 000
 193,      867, 000
 194,      904, 000
 195,      883, 000
 196,      849, 000
 197,      887, 000
 198,      815, 000
 199,      808, 000
 200,      840, 000
 201,      897, 000
 202,      879, 000
 203,      832, 000
 204,      818, 000
 205,      823, 000
 206,      860, 000
 207,      841, 000
 208,      839, 000
 209,      822, 000
 210,      858, 000
 211,      847, 000
 212,      818, 000
 213,      863, 000
 214,      791, 000
 215,      871, 000
 216,      738, 000
 217,      854, 000
 218,      819, 000
 219,      820, 000
 220,      791, 000
 221,      877, 000
 222,      827, 000
 223,      814, 000
 224,      833, 000
 225,      740, 000
 226,      843, 000
 227,      817, 000
 228,      797, 000
 229,      762, 000
 230,      802, 000
 231,      839, 000
 232,      784, 000
 233,      812, 000
 234,      821, 000
 235,      810, 000
 236,      807, 000
 237,      751, 000
 238,      788, 000
 239,      799, 000
 240,      735, 000
 241,      798, 000
 242,      793, 000
 243,      740, 000
 244,      763, 000
 245,      802, 000
 246,      739, 000
 247,      776, 000
 248,      747, 000
 249,      768, 000
 250,      773, 000
 251,      779, 000
 252,      756, 000
 253,      759, 000
 254,      808, 000
 255,      785, 000
 256,      750, 000
 257,      717, 000
 258,      735, 000
 259,      753, 000
 260,      748, 000
 261,      784, 000
 262,      689, 000
 263,      700, 000
 264,      712, 000
 265,      729, 000
 266,      682, 000
 267,      686, 000
 268,      710, 000
 269,      687, 000
 270,      734, 000
 271,      736, 000
 272,      704, 000
 273,      698, 000
 274,      735, 000
 275,      670, 000
 276,      713, 000
 277,      677, 000
 278,      686, 000
 279,      696, 000
 280,      694, 000
 281,      683, 000
 282,      661, 000
 283,      701, 000
 284,      652, 000
 285,      686, 000
 286,      706, 000
 287,      700, 000
 288,      694, 000
 289,      665, 000
 290,      681, 000
 291,      707, 000
 292,      718, 000
 293,      706, 000
 294,      681, 000
 295,      653, 000
 296,      673, 000
 297,      643, 000
 298,      656, 000
 299,      623, 000
 300,      665, 000
 301,      681, 000
 302,      585, 000
 303,      671, 000
 304,      637, 000
 305,      643, 000
 306,      586, 000
 307,      651, 000
 308,      640, 000
 309,      591, 000
 310,      637, 000
 311,      627, 000
 312,      622, 000
 313,      616, 000
 314,      592, 000
 315,      610, 000
 316,      584, 000
 317,      634, 000
 318,      567, 000
 319,      609, 000
 320,      616, 000
 321,      585, 000
 322,      605, 000
 323,      620, 000
 324,      593, 000
 325,      599, 000
 326,      596, 000
 327,      620, 000
 328,      586, 000
 329,      558, 000
 330,      573, 000
 331,      581, 000
 332,      580, 000
 333,      630, 000
 334,      569, 000
 335,      585, 000
 336,      553, 000
 337,      570, 000
 338,      521, 000
 339,      545, 000
 340,      552, 000
 341,      548, 000
 342,      582, 000
 343,      536, 000
 344,      553, 000
 345,      590, 000
 346,      604, 000
 347,      564, 000
 348,      543, 000
 349,      524, 000
 350,      520, 000
 351,      533, 000
 352,      515, 000
 353,      541, 000
 354,      580, 000
 355,      545, 000
 356,      514, 000
 357,      545, 000
 358,      502, 000
 359,      514, 000
 360,      575, 000
 361,      544, 000
 362,      530, 000
 363,      515, 000
 364,      491, 000
 365,      491, 000
 366,      501, 000
 367,      507, 000
 368,      528, 000
 369,      517, 000
 370,      496, 000
 371,      481, 000
 372,      527, 000
 373,      509, 000
 374,      521, 000
 375,      493, 000
 376,      475, 000
 377,      471, 000
 378,      471, 000
 379,      516, 000
 380,      458, 000
 381,      483, 000
 382,      500, 000
 383,      470, 000
 384,      468, 000
 385,      465, 000
 386,      460, 000
 387,      443, 000
 388,      490, 000
 389,      422, 000
 390,      434, 000
 391,      422, 000
 392,      453, 000
 393,      471, 000
 394,      461, 000
 395,      470, 000
 396,      421, 000
 397,      439, 000
 398,      444, 000
 399,      457, 000
 400,      450, 000
 401,      443, 000
 402,      428, 000
 403,      437, 000
 404,      405, 000
 405,      468, 000
 406,      373, 000
 407,      434, 000
 408,      394, 000
 409,      405, 000
 410,      403, 000
 411,      434, 000
 412,      422, 000
 413,      403, 000
 414,      439, 000
 415,      424, 000
 416,      405, 000
 417,      406, 000
 418,      390, 000
 419,      395, 000
 420,      406, 000
 421,      387, 000
 422,      382, 000
 423,      413, 000
 424,      409, 000
 425,      370, 000
 426,      397, 000
 427,      418, 000
 428,      386, 000
 429,      392, 000
 430,      369, 000
 431,      394, 000
 432,      350, 000
 433,      369, 000
 434,      388, 000
 435,      362, 000
 436,      364, 000
 437,      361, 000
 438,      376, 000
 439,      369, 000
 440,      371, 000
 441,      378, 000
 442,      379, 000
 443,      349, 000
 444,      365, 000
 445,      332, 000
 446,      369, 000
 447,      348, 000
 448,      310, 000
 449,      322, 000
 450,      333, 000
 451,      339, 000
 452,      324, 000
 453,      309, 000
 454,      316, 000
 455,      325, 000
 456,      279, 000
 457,      351, 000
 458,      293, 000
 459,      338, 000
 460,      330, 000
 461,      286, 000
 462,      280, 000
 463,      308, 000
 464,      322, 000
 465,      298, 000
 466,      272, 000
 467,      287, 000
 468,      269, 000
 469,      292, 000
 470,      330, 000
 471,      290, 000
 472,      305, 000
 473,      308, 000
 474,      334, 000
 475,      259, 000
 476,      257, 000
 477,      271, 000
 478,      257, 000
 479,      273, 000
 480,      264, 000
 481,      276, 000
 482,      274, 000
 483,      271, 000
 484,      263, 000
 485,      252, 000
 486,      266, 000
 487,      249, 000
 488,      238, 000
 489,      255, 000
 490,      262, 000
 491,      251, 000
 492,      252, 000
 493,      251, 000
 494,      221, 000
 495,      252, 000
 496,      217, 000
 497,      253, 000
 498,      241, 000
 499,      231, 000
 500,      229, 000
 501,      233, 000
 502,      253, 000
 503,      224, 000
 504,      217, 000
 505,      245, 000
 506,      228, 000
 507,      225, 000
 508,      196, 000
 509,      206, 000
 510,      226, 000
 511,      213, 000
 512,      202, 000
 513,      208, 000
 514,      204, 000
 515,      195, 000
 516,      216, 000
 517,      189, 000
 518,      213, 000
 519,      193, 000
 520,      204, 000
 521,      212, 000
 522,      183, 000
 523,      194, 000
 524,      185, 000
 525,      175, 000
 526,      187, 000
 527,      181, 000
 528,      176, 000
 529,      189, 000
 530,      187, 000
 531,      179, 000
 532,      177, 000
 533,      170, 000
 534,      164, 000
 535,      184, 000
 536,      156, 000
 537,      161, 000
 538,      184, 000
 539,      170, 000
 540,      144, 000
 541,      155, 000
 542,      123, 000
 543,      155, 000
 544,      146, 000
 545,      135, 000
 546,      129, 000
 547,      170, 000
 548,      141, 000
 549,      140, 000
 550,      137, 000
 551,      161, 000
 552,      158, 000
 553,      144, 000
 554,      138, 000
 555,      129, 000
 556,      153, 000
 557,      130, 000
 558,      118, 000
 559,      112, 000
 560,      129, 000
 561,      135, 000
 562,      118, 000
 563,      129, 000
 564,      123, 000
 565,      120, 000
 566,      106, 000
 567,      129, 000
 568,      133, 000
 569,      121, 000
 570,      106, 000
 571,      117, 000
 572,      111, 000
 573,       94, 000
 574,       94, 000
 575,      109, 000
 576,      110, 000
 577,      121, 000
 578,      117, 000
 579,       99, 000
 580,      110, 000
 581,       97, 000
 582,       97, 000
 583,      107, 000
 584,       85, 000
 585,      117, 000
 586,       90, 000
 587,       99, 000
 588,       96, 000
 589,       93, 000
 590,       95, 000
 591,       85, 000
 592,       79, 000
 593,       89, 000
 594,       99, 000
 595,       77, 000
 596,       90, 000
 597,       79, 000
 598,       76, 000
 599,       95, 000
 600,       75, 000
 601,       82, 000
 602,       70, 000
 603,       77, 000
 604,       78, 000
 605,       66, 000
 606,       76, 000
 607,       77, 000
 608,       67, 000
 609,       75, 000
 610,       74, 000
 611,       71, 000
 612,       82, 000
 613,       65, 000
 614,       73, 000
 615,       74, 000
 616,       72, 000
 617,       69, 000
 618,       52, 000
 619,       65, 000
 620,       49, 000
 621,       63, 000
 622,       70, 000
 623,       64, 000
 624,       54, 000
 625,       64, 000
 626,       61, 000
 627,       54, 000
 628,       70, 000
 629,       68, 000
 630,       58, 000
 631,       50, 000
 632,       55, 000
 633,       62, 000
 634,       50, 000
 635,       49, 000
 636,       72, 000
 637,       52, 000
 638,       53, 000
 639,       52, 000
 640,       67, 000
 641,       56, 000
 642,       60, 000
 643,       65, 000
 644,       59, 000
 645,       63, 000
 646,       57, 000
 647,       53, 000
 648,       45, 000
 649,       65, 000
 650,       48, 000
 651,       69, 000
 652,       75, 000
 653,       43, 000
 654,       46, 000
 655,       47, 000
 656,       61, 000
 657,       60, 000
 658,       39, 000
 659,       45, 000
 660,       48, 000
 661,       45, 000
 662,       57, 000
 663,       52, 000
 664,       54, 000
 665,       55, 000
 666,       42, 000
 667,       46, 000
 668,       54, 000
 669,       48, 000
 670,       45, 000
 671,       57, 000
 672,       48, 000
 673,       62, 000
 674,       61, 000
 675,       55, 000
 676,       69, 000
 677,       48, 000
 678,       60, 000
 679,       52, 000
 680,       53, 000
 681,       50, 000
 682,       56, 000
 683,       53, 000
 684,       66, 000
 685,       51, 000
 686,       39, 000
 687,       55, 000
 688,       57, 000
 689,       47, 000
 690,       50, 000
 691,       55, 000
 692,       70, 000
 693,       50, 000
 694,       55, 000
 695,       55, 000
 696,       60, 000
 697,       40, 000
 698,       63, 000
 699,       56, 000
 700,       48, 000
 701,       48, 000
 702,       54, 000
 703,       51, 000
 704,       59, 000
 705,       62, 000
 706,       68, 000
 707,       78, 000
 708,       57, 000
 709,       54, 000
 710,       58, 000
 711,       47, 000
 712,       57, 000
 713,       41, 000
 714,       57, 000
 715,       76, 000
 716,       55, 000
 717,       73, 000
 718,       55, 000
 719,       69, 000
 720,       68, 000
 721,       63, 000
 722,       85, 000
 723,       70, 000
 724,       58, 000
 725,       67, 000
 726,       59, 000
 727,       68, 000
 728,       61, 000
 729,       66, 000
 730,       56, 000
 731,       67, 000
 732,       88, 000
 733,       65, 000
 734,       73, 000
 735,       92, 000
 736,       85, 000
 737,       72, 000
 738,       78, 000
 739,       83, 000
 740,       68, 000
 741,       86, 000
 742,       86, 000
 743,      105, 000
 744,       97, 000
 745,       79, 000
 746,       94, 000
 747,       95, 000
 748,      100, 000
 749,      137, 000
 750,      112, 000
 751,      104, 000
 752,      108, 000
 753,      111, 000
 754,      105, 000
 755,      155, 000
 756,      134, 000
 757,      126, 000
 758,      143, 000
 759,      157, 000
 760,      193, 000
 761,      169, 000
 762,      177, 000
 763,      201, 000
 764,      188, 000
 765,      234, 000
 766,      190, 000
 767,      232, 000
 768,      233, 000
 769,      253, 000
 770,      278, 000
 771,      317, 000
 772,      309, 000
 773,      338, 000
 774,      344, 000
 775,      399, 000
 776,      418, 000
 777,      463, 000
 778,      502, 000
 779,      472, 000
 780,      514, 000
 781,      517, 000
 782,      589, 000
 783,      579, 000
 784,      530, 000
 785,      598, 000
 786,      600, 000
 787,      583, 000
 788,      587, 000
 789,      610, 000
 790,      599, 000
 791,      540, 000
 792,      530, 000
 793,      568, 000
 794,      502, 000
 795,      502, 000
 796,      436, 000
 797,      443, 000
 798,      391, 000
 799,      380, 000
 800,      322, 000
 801,      271, 000
 802,      280, 000
 803,      255, 000
 804,      221, 000
 805,      211, 000
 806,      157, 000
 807,      152, 000
 808,      129, 000
 809,      114, 000
 810,      114, 000
 811,      117, 000
 812,       89, 000
 813,       92, 000
 814,       96, 000
 815,       75, 000
 816,       80, 000
 817,       89, 000
 818,       82, 000
 819,       93, 000
 820,       97, 000
 821,       93, 000
 822,      100, 000
 823,      102, 000
 824,      104, 000
 825,       91, 000
 826,      118, 000
 827,      116, 000
 828,      106, 000
 829,      117, 000
 830,      121, 000
 831,      119, 000
 832,      129, 000
 833,      145, 000
 834,      115, 000
 835,      136, 000
 836,      117, 000
 837,      119, 000
 838,      121, 000
 839,      109, 000
 840,       94, 000
 841,       80, 000
 842,       77, 000
 843,       92, 000
 844,       61, 000
 845,       61, 000
 846,       55, 000
 847,       62, 000
 848,       47, 000
 849,       47, 000
 850,       32, 000
 851,       42, 000
 852,       27, 000
 853,       24, 000
 854,       18, 000
 855,       13, 000
 856,       19, 000
 857,       15, 000
 858,        7, 000
 859,        9, 000
 860,        8, 000
 861,        5, 000
 862,        3, 000
 863,        6, 000
 864,        6, 000
 865,        4, 000
 866,        6, 000
 867,        4, 000
 868,        4, 000
 869,        4, 000
 870,        3, 000
 871,        4, 000
 872,        2, 000
 873,        6, 000
 874,        7, 000
 875,        3, 000
 876,        7, 000
 877,        5, 000
 878,        6, 000
 879,        5, 000
 880,        4, 000
 881,        3, 000
 882,        3, 000
 883,        2, 000
 884,        3, 000
 885,        5, 000
 886,        5, 000
 887,        6, 000
 888,        3, 000
 889,        6, 000
 890,        3, 000
 891,        4, 000
 892,        4, 000
 893,        3, 000
 894,        2, 000
 895,        4, 000
 896,        5, 000
 897,        1, 000
 898,        4, 000
 899,        1, 000
 900,        2, 000
 901,        5, 000
 902,        8, 000
 903,        3, 000
 904,        7, 000
 905,        6, 000
 906,        3, 000
 907,        4, 000
 908,        6, 000
 909,        4, 000
 910,        2, 000
 911,        6, 000
 912,        3, 000
 913,        3, 000
 914,        2, 000
 915,        0, 000
 916,        1, 000
 917,        3, 000
 918,        2, 000
 919,        1, 000
 920,        2, 000
 921,        3, 000
 922,        4, 000
 923,        5, 000
 924,        5, 000
 925,        6, 000
 926,        4, 000
 927,        4, 000
 928,        0, 000
 929,        3, 000
 930,        3, 000
 931,        3, 000
 932,        3, 000
 933,        1, 000
 934,        3, 000
 935,        2, 000
 936,        4, 000
 937,        1, 000
 938,        4, 000
 939,        0, 000
 940,        1, 000
 941,        2, 000
 942,        3, 000
 943,        1, 000
 944,        4, 000
 945,        2, 000
 946,        3, 000
 947,        2, 000
 948,        2, 000
 949,        1, 000
 950,        1, 000
 951,        2, 000
 952,        0, 000
 953,        1, 000
 954,        2, 000
 955,        1, 000
 956,        3, 000
 957,        3, 000
 958,        1, 000
 959,        3, 000
 960,        2, 000
 961,        1, 000
 962,        3, 000
 963,        5, 000
 964,        1, 000
 965,        1, 000
 966,        4, 000
 967,        1, 000
 968,        3, 000
 969,        2, 000
 970,        1, 000
 971,        3, 000
 972,        3, 000
 973,        3, 000
 974,        0, 000
 975,        1, 000
 976,        2, 000
 977,        1, 000
 978,        1, 000
 979,        1, 000
 980,        0, 000
 981,        0, 000
 982,        2, 000
 983,        1, 000
 984,        0, 000
 985,        2, 000
 986,        3, 000
 987,        0, 000
 988,        0, 000
 989,        2, 000
 990,        3, 000
 991,        3, 000
 992,        2, 000
 993,        2, 000
 994,        2, 000
 995,        1, 000
 996,        1, 000
 997,        1, 000
 998,        1, 000
 999,        0, 000
1000,        0, 000
1001,        2, 000
1002,        1, 000
1003,        2, 000
1004,        2, 000
1005,        1, 000
1006,        2, 000
1007,        1, 000
1008,        1, 000
1009,        2, 000
1010,        0, 000
1011,        1, 000
1012,        2, 000
1013,        1, 000
1014,        2, 000
1015,        3, 000
1016,        0, 000
1017,        1, 000
1018,        1, 000
1019,        1, 000
1020,        2, 000
1021,        1, 000
1022,        0, 000
1023,        1, 000
1024,        0, 000
1025,        2, 000
1026,        0, 000
1027,        2, 000
1028,        0, 000
1029,        1, 000
1030,        1, 000
1031,        0, 000
1032,        1, 000
1033,        0, 000
1034,        1, 000
1035,        0, 000
1036,        1, 000
1037,        1, 000
1038,        0, 000
1039,        0, 000
1040,        0, 000
1041,        1, 000
1042,        1, 000
1043,        2, 000
1044,        0, 000
1045,        1, 000
1046,        2, 000
1047,        1, 000
1048,        0, 000
1049,        2, 000
1050,        1, 000
1051,        2, 000
1052,        1, 000
1053,        1, 000
1054,        2, 000
1055,        0, 000
1056,        0, 000
1057,        0, 000
1058,        2, 000
1059,        2, 000
1060,        0, 000
1061,        0, 000
1062,        1, 000
1063,        1, 000
1064,        1, 000
1065,        0, 000
1066,        1, 000
1067,        1, 000
1068,        0, 000
1069,        1, 000
1070,        0, 000
1071,        0, 000
1072,        1, 000
1073,        2, 000
1074,        1, 000
1075,        0, 000
1076,        1, 000
1077,        1, 000
1078,        0, 000
1079,        0, 000
1080,        0, 000
1081,        0, 000
1082,        1, 000
1083,        0, 000
1084,        0, 000
1085,        1, 000
1086,        1, 000
1087,        4, 000
1088,        0, 000
1089,        1, 000
1090,        2, 000
1091,        2, 000
1092,        1, 000
1093,        0, 000
1094,        0, 000
1095,        1, 000
1096,        0, 000
1097,        0, 000
1098,        2, 000
1099,        0, 000
1100,        0, 000
1101,        0, 000
1102,        1, 000
1103,        0, 000
1104,        1, 000
1105,        0, 000
1106,        0, 000
1107,        1, 000
1108,        1, 000
1109,        1, 000
1110,        0, 000
1111,        2, 000
1112,        0, 000
1113,        1, 000
1114,        2, 000
1115,        1, 000
1116,        0, 000
1117,        1, 000
1118,        0, 000
1119,        0, 000
1120,        1, 000
1121,        0, 000
1122,        0, 000
1123,        0, 000
1124,        2, 000
1125,        0, 000
1126,        0, 000
1127,        0, 000
1128,        1, 000
1129,        1, 000
1130,        1, 000
1131,        1, 000
1132,        0, 000
1133,        0, 000
1134,        1, 000
1135,        1, 000
1136,        1, 000
1137,        1, 000
1138,        1, 000
1139,        2, 000
1140,        1, 000
1141,        1, 000
1142,        0, 000
1143,        0, 000
1144,        0, 000
1145,        0, 000
1146,        0, 000
1147,        0, 000
1148,        0, 000
1149,        1, 000
1150,        1, 000
1151,        0, 000
1152,        0, 000
1153,        1, 000
1154,        0, 000
1155,        0, 000
1156,        0, 000
1157,        1, 000
1158,        0, 000
1159,        0, 000
1160,        0, 000
1161,        0, 000
1162,        0, 000
1163,        0, 000
1164,        0, 000
1165,        1, 000
1166,        0, 000
1167,        2, 000
1168,        0, 000
1169,        0, 000
1170,        1, 000
1171,        1, 000
1172,        0, 000
1173,        1, 000
1174,        0, 000
1175,        0, 000
1176,        0, 000
1177,        0, 000
1178,        0, 000
1179,        0, 000
1180,        0, 000
1181,        1, 000
1182,        0, 000
1183,        0, 000
1184,        0, 000
1185,        0, 000
1186,        0, 000
1187,        0, 000
1188,        1, 000
1189,        0, 000
1190,        0, 000
1191,        0, 000
1192,        0, 000
1193,        0, 000
1194,        1, 000
1195,        0, 000
1196,        0, 000
1197,        1, 000
1198,        0, 000
1199,        0, 000
1200,        1, 000
1201,        1, 000
1202,        0, 000
1203,        0, 000
1204,        0, 000
1205,        0, 000
1206,        0, 000
1207,        0, 000
1208,        1, 000
1209,        0, 000
1210,        0, 000
1211,        1, 000
1212,        0, 000
1213,        0, 000
1214,        0, 000
1215,        0, 000
1216,        0, 000
1217,        0, 000
1218,        1, 000
1219,        0, 000
1220,        0, 000
1221,        0, 000
1222,        0, 000
1223,        1, 000
1224,        0, 000
1225,        0, 000
1226,        1, 000
1227,        0, 000
1228,        0, 000
1229,        0, 000
1230,        0, 000
1231,        0, 000
1232,        0, 000
1233,        0, 000
1234,        0, 000
1235,        0, 000
1236,        0, 000
1237,        0, 000
1238,        0, 000
1239,        0, 000
1240,        0, 000
1241,        0, 000
1242,        0, 000
1243,        1, 000
1244,        0, 000
1245,        0, 000
1246,        0, 000
1247,        0, 000
1248,        0, 000
1249,        0, 000
1250,        0, 000
1251,        0, 000
1252,        0, 000
1253,        0, 000
1254,        0, 000
1255,        1, 000
1256,        0, 000
1257,        0, 000
1258,        0, 000
1259,        0, 000
1260,        0, 000
1261,        1, 000
1262,        0, 000
1263,        1, 000
1264,        0, 000
1265,        0, 000
1266,        0, 000
1267,        0, 000
1268,        0, 000
1269,        0, 000
1270,        0, 000
1271,        0, 000
1272,        0, 000
1273,        0, 000
1274,        0, 000
1275,        0, 000
1276,        0, 000
1277,        0, 000
1278,        0, 000
1279,        0, 000
1280,        0, 000
1281,        0, 000
1282,        0, 000
1283,        0, 000
1284,        0, 000
1285,        0, 000
1286,        0, 000
1287,        0, 000
1288,        0, 000
1289,        0, 000
1290,        0, 000
1291,        0, 000
1292,        2, 000
1293,        0, 000
1294,        0, 000
1295,        0, 000
1296,        1, 000
1297,        0, 000
1298,        0, 000
1299,        0, 000
1300,        0, 000
1301,        0, 000
1302,        0, 000
1303,        0, 000
1304,        1, 000
1305,        0, 000
1306,        0, 000
1307,        0, 000
1308,        0, 000
1309,        0, 000
1310,        0, 000
1311,        0, 000
1312,        0, 000
1313,        0, 000
1314,        0, 000
1315,        0, 000
1316,        0, 000
1317,        0, 000
1318,        0, 000
1319,        0, 000
1320,        0, 000
1321,        0, 000
1322,        0, 000
1323,        0, 000
1324,        0, 000
1325,        0, 000
1326,        1, 000
1327,        0, 000
1328,        0, 000
1329,        0, 000
1330,        0, 000
1331,        0, 000
1332,        0, 000
1333,        0, 000
1334,        0, 000
1335,        0, 000
1336,        1, 000
1337,        0, 000
1338,        0, 000
1339,        0, 000
1340,        0, 000
1341,        0, 000
1342,        0, 000
1343,        0, 000
1344,        0, 000
1345,        0, 000
1346,        0, 000
1347,        0, 000
1348,        0, 000
1349,        0, 000
1350,        0, 000
1351,        0, 000
1352,        0, 000
1353,        0, 000
1354,        0, 000
1355,        0, 000
1356,        0, 000
1357,        0, 000
1358,        0, 000
1359,        0, 000
1360,        0, 000
1361,        0, 000
1362,        0, 000
1363,        0, 000
1364,        0, 000
1365,        0, 000
1366,        0, 000
1367,        0, 000
1368,        0, 000
1369,        0, 000
1370,        0, 000
1371,        0, 000
1372,        0, 000
1373,        0, 000
1374,        0, 000
1375,        0, 000
1376,        0, 000
1377,        0, 000
1378,        0, 000
1379,        0, 000
1380,        0, 000
1381,        1, 000
1382,        0, 000
1383,        0, 000
1384,        0, 000
1385,        0, 000
1386,        0, 000
1387,        0, 000
1388,        0, 000
1389,        0, 000
1390,        0, 000
1391,        0, 000
1392,        0, 000
1393,        0, 000
1394,        0, 000
1395,        0, 000
1396,        0, 000
1397,        0, 000
1398,        0, 000
1399,        0, 000
1400,        0, 000
1401,        0, 000
1402,        0, 000
1403,        0, 000
1404,        0, 000
1405,        0, 000
1406,        0, 000
1407,        0, 000
1408,        0, 000
1409,        0, 000
1410,        0, 000
1411,        0, 000
1412,        0, 000
1413,        1, 000
1414,        0, 000
1415,        0, 000
1416,        0, 000
1417,        0, 000
1418,        0, 000
1419,        0, 000
1420,        0, 000
1421,        0, 000
1422,        0, 000
1423,        0, 000
1424,        0, 000
1425,        0, 000
1426,        0, 000
1427,        0, 000
1428,        0, 000
1429,        0, 000
1430,        0, 000
1431,        0, 000
1432,        0, 000
1433,        0, 000
1434,        0, 000
1435,        0, 000
1436,        0, 000
1437,        0, 000
1438,        0, 000
1439,        0, 000
1440,        0, 000
1441,        0, 000
1442,        0, 000
1443,        0, 000
1444,        0, 000
1445,        0, 000
1446,        0, 000
1447,        0, 000
1448,        0, 000
1449,        0, 000
1450,        0, 000
1451,        0, 000
1452,        0, 000
1453,        0, 000
1454,        0, 000
1455,        0, 000
1456,        0, 000
1457,        0, 000
1458,        0, 000
1459,        0, 000
1460,        0, 000
1461,        0, 000
1462,        0, 000
1463,        0, 000
1464,        0, 000
1465,        0, 000
1466,        0, 000
1467,        0, 000
1468,        0, 000
1469,        0, 000
1470,        0, 000
1471,        0, 000
1472,        0, 000
1473,        0, 000
1474,        0, 000
1475,        0, 000
1476,        0, 000
1477,        0, 000
1478,        0, 000
1479,        0, 000
1480,        0, 000
1481,        0, 000
1482,        0, 000
1483,        0, 000
1484,        0, 000
1485,        0, 000
1486,        0, 000
1487,        0, 000
1488,        0, 000
1489,        0, 000
1490,        0, 000
1491,        0, 000
1492,        0, 000
1493,        0, 000
1494,        0, 000
1495,        0, 000
1496,        0, 000
1497,        0, 000
1498,        1, 000
1499,        0, 000
1500,        0, 000
1501,        0, 000
1502,        0, 000
1503,        0, 000
1504,        0, 000
1505,        0, 000
1506,        0, 000
1507,        0, 000
1508,        0, 000
1509,        0, 000
1510,        0, 000
1511,        0, 000
1512,        0, 000
1513,        0, 000
1514,        0, 000
1515,        0, 000
1516,        0, 000
1517,        0, 000
1518,        0, 000
1519,        0, 000
1520,        0, 000
1521,        0, 000
1522,        0, 000
1523,        0, 000
1524,        0, 000
1525,        0, 000
1526,        0, 000
1527,        0, 000
1528,        0, 000
1529,        0, 000
1530,        0, 000
1531,        0, 000
1532,        0, 000
1533,        0, 000
1534,        0, 000
1535,        0, 000
1536,        0, 000
1537,        0, 000
1538,        0, 000
1539,        0, 000
1540,        0, 000
1541,        0, 000
1542,        0, 000
1543,        0, 000
1544,        0, 000
1545,        0, 000
1546,        0, 000
1547,        0, 000
1548,        0, 000
1549,        0, 000
1550,        0, 000
1551,        0, 000
1552,        0, 000
1553,        0, 000
1554,        0, 000
1555,        0, 000
1556,        0, 000
1557,        0, 000
1558,        0, 000
1559,        0, 000
1560,        0, 000
1561,        0, 000
1562,        0, 000
1563,        0, 000
1564,        0, 000
1565,        0, 000
1566,        0, 000
1567,        0, 000
1568,        0, 000
1569,        0, 000
1570,        0, 000
1571,        0, 000
1572,        0, 000
1573,        0, 000
1574,        0, 000
1575,        0, 000
1576,        0, 000
1577,        0, 000
1578,        0, 000
1579,        0, 000
1580,        0, 000
1581,        0, 000
1582,        0, 000
1583,        0, 000
1584,        0, 000
1585,        0, 000
1586,        0, 000
1587,        0, 000
1588,        0, 000
1589,        0, 000
1590,        0, 000
1591,        0, 000
1592,        0, 000
1593,        0, 000
1594,        0, 000
1595,        0, 000
1596,        0, 000
1597,        0, 000
1598,        0, 000
1599,        0, 000
1600,        0, 000
1601,        0, 000
1602,        0, 000
1603,        0, 000
1604,        0, 000
1605,        0, 000
1606,        0, 000
1607,        0, 000
1608,        0, 000
1609,        0, 000
1610,        0, 000
1611,        0, 000
1612,        0, 000
1613,        0, 000
1614,        0, 000
1615,        0, 000
1616,        0, 000
1617,        0, 000
1618,        0, 000
1619,        0, 000
1620,        0, 000
1621,        0, 000
1622,        0, 000
1623,        0, 000
1624,        0, 000
1625,        0, 000
1626,        0, 000
1627,        0, 000
1628,        0, 000
1629,        0, 000
1630,        0, 000
1631,        0, 000
1632,        0, 000
1633,        0, 000
1634,        0, 000
1635,        0, 000
1636,        0, 000
1637,        0, 000
1638,        0, 000
1639,        0, 000
1640,        0, 000
1641,        0, 000
1642,        0, 000
1643,        0, 000
1644,        0, 000
1645,        0, 000
1646,        0, 000
1647,        0, 000
1648,        0, 000
1649,        0, 000
1650,        0, 000
1651,        0, 000
1652,        0, 000
1653,        0, 000
1654,        0, 000
1655,        0, 000
1656,        0, 000
1657,        0, 000
1658,        0, 000
1659,        0, 000
1660,        0, 000
1661,        0, 000
1662,        0, 000
1663,        0, 000
1664,        0, 000
1665,        0, 000
1666,        0, 000
1667,        0, 000
1668,        0, 000
1669,        0, 000
1670,        0, 000
1671,        0, 000
1672,        0, 000
1673,        0, 000
1674,        0, 000
1675,        0, 000
1676,        0, 000
1677,        0, 000
1678,        0, 000
1679,        0, 000
1680,        0, 000
1681,        0, 000
1682,        0, 000
1683,        0, 000
1684,        0, 000
1685,        0, 000
1686,        0, 000
1687,        0, 000
1688,        0, 000
1689,        0, 000
1690,        0, 000
1691,        0, 000
1692,        0, 000
1693,        0, 000
1694,        0, 000
1695,        0, 000
1696,        0, 000
1697,        0, 000
1698,        0, 000
1699,        0, 000
1700,        0, 000
1701,        0, 000
1702,        0, 000
1703,        0, 000
1704,        0, 000
1705,        0, 000
1706,        0, 000
1707,        0, 000
1708,        0, 000
1709,        0, 000
1710,        0, 000
1711,        0, 000
1712,        0, 000
1713,        0, 000
1714,        0, 000
1715,        0, 000
1716,        0, 000
1717,        0, 000
1718,        0, 000
1719,        0, 000
1720,        0, 000
1721,        0, 000
1722,        0, 000
1723,        0, 000
1724,        0, 000
1725,        0, 000
1726,        0, 000
1727,        0, 000
1728,        0, 000
1729,        0, 000
1730,        0, 000
1731,        0, 000
1732,        0, 000
1733,        0, 000
1734,        0, 000
1735,        0, 000
1736,        0, 000
1737,        0, 000
1738,        0, 000
1739,        0, 000
1740,        0, 000
1741,        0, 000
1742,        0, 000
1743,        0, 000
1744,        0, 000
1745,        0, 000
1746,        0, 000
1747,        0, 000
1748,        0, 000
1749,        0, 000
1750,        0, 000
1751,        0, 000
1752,        0, 000
1753,        0, 000
1754,        0, 000
1755,        0, 000
1756,        0, 000
1757,        0, 000
1758,        0, 000
1759,        0, 000
1760,        0, 000
1761,        0, 000
1762,        0, 000
1763,        0, 000
1764,        0, 000
1765,        0, 000
1766,        0, 000
1767,        0, 000
1768,        0, 000
1769,        0, 000
1770,        0, 000
1771,        0, 000
1772,        0, 000
1773,        0, 000
1774,        0, 000
1775,        0, 000
1776,        0, 000
1777,        0, 000
1778,        0, 000
1779,        0, 000
1780,        0, 000
1781,        0, 000
1782,        0, 000
1783,        0, 000
1784,        0, 000
1785,        0, 000
1786,        0, 000
1787,        0, 000
1788,        0, 000
1789,        0, 000
1790,        0, 000
1791,        0, 000
1792,        0, 000
1793,        0, 000
1794,        0, 000
1795,        0, 000
1796,        0, 000
1797,        0, 000
1798,        0, 000
1799,        0, 000
1800,        0, 000
1801,        0, 000
1802,        0, 000
1803,        0, 000
1804,        0, 000
1805,        0, 000
1806,        0, 000
1807,        0, 000
1808,        0, 000
1809,        0, 000
1810,        0, 000
1811,        0, 000
1812,        0, 000
1813,        0, 000
1814,        0, 000
1815,        0, 000
1816,        0, 000
1817,        0, 000
1818,        0, 000
1819,        0, 000
1820,        0, 000
1821,        0, 000
1822,        0, 000
1823,        0, 000
1824,        0, 000
1825,        0, 000
1826,        0, 000
1827,        0, 000
1828,        0, 000
1829,        0, 000
1830,        0, 000
1831,        0, 000
1832,        0, 000
1833,        0, 000
1834,        0, 000
1835,        0, 000
1836,        0, 000
1837,        0, 000
1838,        0, 000
1839,        0, 000
1840,        0, 000
1841,        0, 000
1842,        0, 000
1843,        0, 000
1844,        0, 000
1845,        0, 000
1846,        0, 000
1847,        0, 000
1848,        0, 000
1849,        0, 000
1850,        0, 000
1851,        0, 000
1852,        0, 000
1853,        0, 000
1854,        0, 000
1855,        0, 000
1856,        0, 000
1857,        0, 000
1858,        0, 000
1859,        0, 000
1860,        0, 000
1861,        0, 000
1862,        0, 000
1863,        0, 000
1864,        0, 000
1865,        0, 000
1866,        0, 000
1867,        0, 000
1868,        0, 000
1869,        0, 000
1870,        0, 000
1871,        0, 000
1872,        0, 000
1873,        0, 000
1874,        0, 000
1875,        0, 000
1876,        0, 000
1877,        0, 000
1878,        0, 000
1879,        0, 000
1880,        0, 000
1881,        0, 000
1882,        0, 000
1883,        0, 000
1884,        0, 000
1885,        0, 000
1886,        0, 000
1887,        0, 000
1888,        0, 000
1889,        0, 000
1890,        0, 000
1891,        0, 000
1892,        0, 000
1893,        0, 000
1894,        0, 000
1895,        0, 000
1896,        0, 000
1897,        0, 000
1898,        0, 000
1899,        0, 000
1900,        0, 000
1901,        0, 000
1902,        0, 000
1903,        0, 000
1904,        0, 000
1905,        0, 000
1906,        0, 000
1907,        0, 000
1908,        0, 000
1909,        0, 000
1910,        0, 000
1911,        0, 000
1912,        0, 000
1913,        0, 000
1914,        0, 000
1915,        0, 000
1916,        0, 000
1917,        0, 000
1918,        0, 000
1919,        0, 000
1920,        0, 000
1921,        0, 000
1922,        0, 000
1923,        0, 000
1924,        0, 000
1925,        0, 000
1926,        0, 000
1927,        0, 000
1928,        0, 000
1929,        0, 000
1930,        0, 000
1931,        0, 000
1932,        0, 000
1933,        0, 000
1934,        0, 000
1935,        0, 000
1936,        0, 000
1937,        0, 000
1938,        0, 000
1939,        0, 000
1940,        0, 000
1941,        0, 000
1942,        0, 000
1943,        0, 000
1944,        0, 000
1945,        0, 000
1946,        0, 000
1947,        0, 000
1948,        0, 000
1949,        0, 000
1950,        0, 000
1951,        0, 000
1952,        0, 000
1953,        0, 000
1954,        0, 000
1955,        0, 000
1956,        0, 000
1957,        0, 000
1958,        0, 000
1959,        0, 000
1960,        0, 000
1961,        0, 000
1962,        0, 000
1963,        0, 000
1964,        0, 000
1965,        0, 000
1966,        0, 000
1967,        0, 000
1968,        0, 000
1969,        0, 000
1970,        0, 000
1971,        0, 000
1972,        0, 000
1973,        0, 000
1974,        0, 000
1975,        0, 000
1976,        0, 000
1977,        0, 000
1978,        0, 000
1979,        0, 000
1980,        0, 000
1981,        0, 000
1982,        0, 000
1983,        0, 000
1984,        0, 000
1985,        0, 000
1986,        0, 000
1987,        0, 000
1988,        0, 000
1989,        0, 000
1990,        0, 000
1991,        0, 000
1992,        0, 000
1993,        0, 000
1994,        0, 000
1995,        0, 000
1996,        0, 000
1997,        0, 000
1998,        0, 000
1999,        0, 000
2000,        0, 000
2001,        0, 000
2002,        0, 000
2003,        0, 000
2004,        0, 000
2005,        0, 000
2006,        0, 000
2007,        0, 000
2008,        0, 000
2009,        0, 000
2010,        0, 000
2011,        0, 000
2012,        0, 000
2013,        0, 000
2014,        0, 000
2015,        0, 000
2016,        0, 000
2017,        0, 000
2018,        0, 000
2019,        0, 000
2020,        0, 000
2021,        0, 000
2022,        0, 000
2023,        0, 000
2024,        0, 000
2025,        0, 000
2026,        0, 000
2027,        0, 000
2028,        0, 000
2029,        0, 000
2030,        0, 000
2031,        0, 000
2032,        0, 000
2033,        0, 000
2034,        0, 000
2035,        0, 000
2036,        0, 000
2037,        0, 000
2038,        0, 000
2039,        0, 000
2040,        0, 000
2041,        0, 000
2042,        0, 000
2043,        0, 000
2044,        0, 000
2045,        0, 000
2046,        0, 000
2047,        0, 000
